0 0.9945 0.015 0.0005
1 0.986295 0.0224546 0.00125
2 0.974115 0.0335127 0.00237273
3 0.95616 0.0497919 0.00404837
4 0.929975 0.0734873 0.00653796
5 0.892387 0.107401 0.0102123
6 0.839673 0.154744 0.0155824
7 0.768209 0.218471 0.0233196
8 0.675902 0.299855 0.0342431
9 0.564432 0.396332 0.0492359
10 0.441396 0.499552 0.0690525
11 0.320121 0.595849 0.09403
12 0.215212 0.670966 0.123822
13 0.135792 0.716837 0.157371
14 0.0822545 0.734533 0.193213
15 0.0490243 0.731036 0.229939
16 0.0293131 0.714196 0.266491
17 0.0177987 0.69 0.302201
18 0.0110441 0.662255 0.336701
19 0.00702138 0.633165 0.369814
20 0.00457625 0.603952 0.401472
21 0.00305614 0.575274 0.43167
22 0.00208917 0.547478 0.460433
23 0.0014601 0.520733 0.487807
24 0.00104192 0.495114 0.513844
25 0.000758193 0.470642 0.538599
26 0.000561932 0.447306 0.562132
27 0.000423686 0.425079 0.584497
28 0.000324631 0.403924 0.605751
29 0.000252512 0.3838 0.625947
30 0.000199209 0.364664 0.645137
31 0.000159255 0.34647 0.66337
32 0.000128907 0.329177 0.680694
33 0.000105569 0.312742 0.697153
34 8.74102e-05 0.297123 0.71279
35 7.31258e-05 0.282281 0.727646
36 6.17727e-05 0.268178 0.74176
37 5.26613e-05 0.254778 0.755169
38 4.5282e-05 0.242047 0.767908
39 3.92538e-05 0.229951 0.78001
40 3.42893e-05 0.218458 0.791508
41 3.01693e-05 0.207539 0.802431
42 2.67256e-05 0.197166 0.812808
43 2.38275e-05 0.18731 0.822666
44 2.13727e-05 0.177947 0.832031
45 1.9281e-05 0.169052 0.840929
46 1.74883e-05 0.160601 0.849381
47 1.59435e-05 0.152573 0.857411
48 1.46056e-05 0.144945 0.86504
49 1.34412e-05 0.137699 0.872287
50 1.24233e-05 0.130815 0.879172
51 1.15294e-05 0.124275 0.885713
52 1.07414e-05 0.118062 0.891927
53 1.00439e-05 0.11216 0.89783
54 9.42431e-06 0.106553 0.903438
55 8.87201e-06 0.101226 0.908766
56 8.37807e-06 0.0961648 0.913827
57 7.93495e-06 0.091357 0.918635
58 7.53625e-06 0.0867896 0.923203
59 7.17651e-06 0.0824504 0.927542
60 6.85107e-06 0.0783282 0.931665
61 6.55592e-06 0.0744121 0.935581
62 6.28761e-06 0.0706918 0.939302
63 6.04315e-06 0.0671574 0.942837
64 5.81993e-06 0.0637998 0.946194
65 5.61571e-06 0.06061 0.949384
66 5.42851e-06 0.0575797 0.952415
67 5.25659e-06 0.0547009 0.955294
68 5.09845e-06 0.051966 0.958029
69 4.95273e-06 0.0493678 0.960627
70 4.81825e-06 0.0468996 0.963096
71 4.69396e-06 0.0445547 0.965441
72 4.57894e-06 0.0423271 0.967668
73 4.47234e-06 0.0402109 0.969785
74 4.37343e-06 0.0382004 0.971795
75 4.28154e-06 0.0362905 0.973705
76 4.19608e-06 0.034476 0.97552
77 4.11652e-06 0.0327523 0.977244
78 4.04237e-06 0.0311148 0.978881
79 3.97319e-06 0.0295591 0.980437
80 3.90859e-06 0.0280812 0.981915
81 3.84823e-06 0.0266772 0.983319
82 3.79176e-06 0.0253434 0.984653
83 3.73891e-06 0.0240763 0.98592
84 3.6894e-06 0.0228725 0.987124
85 3.64299e-06 0.021729 0.988267
86 3.59945e-06 0.0206425 0.989354
87 3.55858e-06 0.0196105 0.990386
88 3.5202e-06 0.01863 0.991367
89 3.48413e-06 0.0176985 0.992298
90 3.45022e-06 0.0168136 0.993183
91 3.41831e-06 0.015973 0.994024
92 3.38828e-06 0.0151744 0.994822
93 3.36e-06 0.0144157 0.995581
94 3.33336e-06 0.0136949 0.996302
95 3.30826e-06 0.0130102 0.996987
96 3.28458e-06 0.0123597 0.997637
97 3.26226e-06 0.0117417 0.998255
98 3.24119e-06 0.0111547 0.998842
99 3.2213e-06 0.010597 0.9994
